#Aurora rockfish
#Amax
86
#M
0.08 0.09
#Selex																																																																																
0 9.83374e-14 3.6262e-11 5.8029e-09 3.84271e-07 2.41718e-05 0.000923142 0.0181263 0.269311 0.747919 0.97217 0.994625 0.999077 0.999853 0.999954 0.999983 0.999994 0.999998 0.999999 0.999999 1 1 1 1 1 1 1 1 1 1 1 1 1 1 1 1 1 1 1 1 1 1 1 1 1 1 1 1 1 1 1 1 1 1 1 1 1 1 1 1 1 1 1 1 1 1 1 1 1 1 1 1 1 1 1 1 1 1 1 1 1 1 1 1 1 1 1
0 9.83374e-14 3.6262e-11 5.8029e-09 3.84271e-07 2.41718e-05 0.000923142 0.0181263 0.269311 0.747919 0.97217 0.994625 0.999077 0.999853 0.999954 0.999983 0.999994 0.999998 0.999999 0.999999 1 1 1 1 1 1 1 1 1 1 1 1 1 1 1 1 1 1 1 1 1 1 1 1 1 1 1 1 1 1 1 1 1 1 1 1 1 1 1 1 1 1 1 1 1 1 1 1 1 1 1 1 1 1 1 1 1 1 1 1 1 1 1 1 1 1 1
#Weight																																																																																
0.00147763 0.0192342 0.075056 0.168887 0.293279 0.462286 0.647467 0.839654 1.06665 1.2514 1.49783 1.6735 1.86517 2.10065 2.24546 2.38291 2.5259 2.67451 2.82876 2.9233 2.98912 3.15051 3.15538 3.29984 3.32756 3.33235 3.47772 3.50599 3.50602 3.50916 3.57358 3.67038 3.68994 3.69077 3.69078 3.69078 3.69087 3.69177 3.69616 3.70826 3.73002 3.75851 3.7881 3.81414 3.83457 3.84943 3.85974 3.8667 3.87134 3.87444 3.87652 3.87794 3.87892 3.8796 3.88009 3.88045 3.88071 3.88091 3.88106 3.88117 3.88126 3.88134 3.88139 3.88144 3.88148 3.88151 3.88154 3.88156 3.88158 3.8816 3.88161 3.88162 3.88163 3.88164 3.88165 3.88165 3.88166 3.88166 3.88167 3.88167 3.88167 3.88168 3.88168 3.88168 3.88168 3.88168 3.88169
0.00147763 0.0192342 0.075056 0.168887 0.293279 0.462286 0.647467 0.839654 1.06665 1.2514 1.49783 1.6735 1.86517 2.10065 2.24546 2.38291 2.5259 2.67451 2.82876 2.9233 2.98912 3.15051 3.15538 3.29984 3.32756 3.33235 3.47772 3.50599 3.50602 3.50916 3.57358 3.67038 3.68994 3.69077 3.69078 3.69078 3.69087 3.69177 3.69616 3.70826 3.73002 3.75851 3.7881 3.81414 3.83457 3.84943 3.85974 3.8667 3.87134 3.87444 3.87652 3.87794 3.87892 3.8796 3.88009 3.88045 3.88071 3.88091 3.88106 3.88117 3.88126 3.88134 3.88139 3.88144 3.88148 3.88151 3.88154 3.88156 3.88158 3.8816 3.88161 3.88162 3.88163 3.88164 3.88165 3.88165 3.88166 3.88166 3.88167 3.88167 3.88167 3.88168 3.88168 3.88168 3.88168 3.88168 3.88169
#Fec																																																																																
4.28453e-24 8.88978e-20 1.12889e-15 8.4275e-13 3.94005e-10 8.80995e-08 5.16094e-06 0.000456927 0.0106499 0.0539098 0.11051 0.147309 0.172655 0.212256 0.235602 0.276814 0.311968 0.339962 0.35448 0.379378 0.415269 0.424012 0.453876 0.459736 0.495217 0.495296 0.510279 0.539227 0.539663 0.53971 0.545092 0.571916 0.58591 0.587131 0.58716 0.58716 0.587165 0.587249 0.587822 0.589879 0.594392 0.601234 0.609136 0.616636 0.622835 0.627499 0.630801 0.633056 0.634567 0.635574 0.636248 0.636703 0.637015 0.637232 0.637385 0.637496 0.637577 0.637637 0.637683 0.637718 0.637745 0.637767 0.637784 0.637798 0.637809 0.637819 0.637826 0.637833 0.637838 0.637843 0.637847 0.63785 0.637853 0.637855 0.637857 0.637859 0.637861 0.637862 0.637863 0.637864 0.637865 0.637866 0.637867 0.637867 0.637868 0.637868 0.637871
# SSR
2
# FMSY
0.048
# BMSY/B0 (%)
43
# log (gamma)
-0.1
# Logit Steep
-0.31
